INFO: Running command 'train'
INFO: Started run with ID "3"
INFO: Running evaluation on test dataset
INFO: Result: {'training.loss': 0.04608606491903109, 'training.reconstruction_error': 0.04608606491903109, 'test_stress': 0.5029499236092976, 'test_rmse': 4.8043061942589675, 'test_spearman_metric': 0.5748631599641647, 'test_density_global': 0.39993605133494875, 'test_density_kl_global_100': 1.3897678953812198e-07, 'test_density_kl_global_01': 0.1284222903587119, 'test_trustworthiness': array([0.85013532, 0.85055555, 0.85083149, 0.85101214, 0.85099356,
       0.85081711, 0.85065272, 0.85057848, 0.85056455, 0.85051162,
       0.85043994, 0.85028704, 0.85018293, 0.85003901, 0.84994404,
       0.84974596, 0.84954432, 0.84931549, 0.84911836, 0.84887628]), 'test_continuity': array([0.94401795, 0.93779275, 0.93340706, 0.9298301 , 0.9270049 ,
       0.92438493, 0.92203932, 0.91988698, 0.91795793, 0.9160931 ,
       0.91429   , 0.91253573, 0.91096669, 0.90943486, 0.90792455,
       0.90649424, 0.90508096, 0.90367048, 0.90233965, 0.90102095]), 'test_neighbourhood_loss': array([0.95152   , 0.919385  , 0.89421667, 0.873225  , 0.854782  ,
       0.83833   , 0.82353143, 0.81021625, 0.79744667, 0.786088  ,
       0.77544273, 0.76547833, 0.75619615, 0.74722214, 0.73880133,
       0.73084688, 0.72348882, 0.71645944, 0.70955474, 0.703195  ]), 'test_rank_correlation': array([0.09149981, 0.10668262, 0.11596149, 0.12563746, 0.13199107,
       0.13895192, 0.14490332, 0.15057584, 0.15542477, 0.1596486 ,
       0.16503244, 0.17024923, 0.17463512, 0.17854906, 0.18304302,
       0.18685645, 0.19089573, 0.19500485, 0.19852041, 0.20220161]), 'test_knn_recall': array([0.04848   , 0.08062   , 0.10578   , 0.126775  , 0.14522   ,
       0.16167333, 0.17646857, 0.18978375, 0.20255333, 0.213913  ,
       0.22455727, 0.23452167, 0.24380308, 0.25277714, 0.26119733,
       0.26915187, 0.27651118, 0.28354   , 0.29044474, 0.296805  ]), 'test_mrre': array([[0.15006598, 0.05098597],
       [0.15010237, 0.05438802],
       [0.15014493, 0.05666321],
       [0.15020844, 0.0584509 ],
       [0.15032531, 0.0598927 ],
       [0.15047626, 0.06116896],
       [0.15062648, 0.06230273],
       [0.15075781, 0.06333086],
       [0.15087537, 0.06426246],
       [0.15099721, 0.06513853],
       [0.1511215 , 0.06596643],
       [0.15125974, 0.06675518],
       [0.15138768, 0.06748393],
       [0.1515215 , 0.06818259],
       [0.15164545, 0.06885657],
       [0.15178629, 0.06949856],
       [0.15192679, 0.07012093],
       [0.15207136, 0.07072817],
       [0.15220985, 0.07130866],
       [0.15235483, 0.07187428]]), 'test_mean_trustworthiness': 0.8502072953147775, 'test_mean_continuity': 0.9173086556231445, 'test_mean_neighbourhood_loss': 0.7957713291181719, 'test_mean_rank_correlation': 0.15831324146720632, 'test_mean_knn_recall': 0.2042288134457712, 'test_mean_mrre': 0.10773061959794283}
INFO: Completed after 0:27:33
