INFO: Running command 'train'
INFO: Started run with ID "13"
INFO: Running evaluation on test dataset
INFO: Result: {'training.loss': 0.031159044373115258, 'training.reconstruction_error': 0.031159044373115258, 'test_stress': 0.5722257065039199, 'test_rmse': 14.105144788173275, 'test_spearman_metric': 0.8270725822878378, 'test_density_global': 0.24664138849331774, 'test_density_kl_global_100': 1.3372532543380809e-07, 'test_density_kl_global_01': 0.049578203295412, 'test_trustworthiness': array([0.94954918, 0.95008344, 0.95026848, 0.95066073, 0.95087668,
       0.95093591, 0.95106333, 0.95119916, 0.95134706, 0.95149625,
       0.95159482, 0.95170951, 0.95174586, 0.95178155, 0.95178196,
       0.95181171, 0.95183409, 0.95181508, 0.95179077, 0.95175837]), 'test_continuity': array([0.98069428, 0.97857671, 0.97729323, 0.97632032, 0.97553823,
       0.97490648, 0.97438689, 0.97391403, 0.97353783, 0.97313946,
       0.97279687, 0.97248883, 0.97221598, 0.97194579, 0.97168959,
       0.97146242, 0.97123784, 0.9710177 , 0.9708003 , 0.97060273]), 'test_neighbourhood_loss': array([0.92394   , 0.88077   , 0.84678   , 0.8178025 , 0.79352   ,
       0.77204333, 0.75270143, 0.7350975 , 0.71900111, 0.704121  ,
       0.69065455, 0.67810583, 0.66636615, 0.65510214, 0.64470267,
       0.63444562, 0.62504882, 0.61615056, 0.60762368, 0.599548  ]), 'test_rank_correlation': array([0.11854334, 0.13935004, 0.15033909, 0.16117686, 0.17125786,
       0.1788649 , 0.18623169, 0.19314865, 0.19938077, 0.20535626,
       0.21215467, 0.21766898, 0.22309249, 0.2276471 , 0.23298589,
       0.23739857, 0.24220537, 0.24700358, 0.25188716, 0.25642951]), 'test_knn_recall': array([0.07607   , 0.11923   , 0.15321333, 0.1821925 , 0.206476  ,
       0.22795667, 0.24729857, 0.26490125, 0.28099778, 0.295876  ,
       0.30934273, 0.32189   , 0.33363308, 0.34489857, 0.35529733,
       0.36555375, 0.37495118, 0.38384778, 0.39237526, 0.4004525 ]), 'test_mrre': array([[0.05084521, 0.01766446],
       [0.05080933, 0.0189685 ],
       [0.05088335, 0.01980344],
       [0.05090401, 0.02044848],
       [0.05096115, 0.02098173],
       [0.05105262, 0.02143592],
       [0.0511296 , 0.02183224],
       [0.05120415, 0.02219357],
       [0.05127503, 0.02251478],
       [0.05134369, 0.02282339],
       [0.05142053, 0.02310736],
       [0.05149305, 0.02337323],
       [0.05157891, 0.02362223],
       [0.05166447, 0.02386181],
       [0.05175551, 0.02409068],
       [0.05184103, 0.02430754],
       [0.05192668, 0.02451736],
       [0.05201862, 0.02472065],
       [0.05211116, 0.02491828],
       [0.05220443, 0.02510784]]), 'test_mean_trustworthiness': 0.9512551968162887, 'test_mean_continuity': 0.9737282754019855, 'test_mean_neighbourhood_loss': 0.7181762451734576, 'test_mean_rank_correlation': 0.20260613919050346, 'test_mean_knn_recall': 0.281822713778516, 'test_mean_mrre': 0.03696789955759648}
