INFO: Running command 'train'
INFO: Started run with ID "11"
INFO: Running evaluation on test dataset
INFO: Result: {'training.loss': 0.03127903201218162, 'training.reconstruction_error': 0.03127903201218162, 'test_stress': 0.5892423605807533, 'test_rmse': 15.415552895345167, 'test_spearman_metric': 0.8630241623735705, 'test_density_global': 0.21800254711269382, 'test_density_kl_global_100': 9.952313729060105e-08, 'test_density_kl_global_01': 0.0416849035498508, 'test_trustworthiness': array([0.95011453, 0.95035954, 0.95072303, 0.95090479, 0.95095012,
       0.95098698, 0.95101349, 0.95103419, 0.95104939, 0.95106271,
       0.9510535 , 0.95106899, 0.95102789, 0.9510057 , 0.95098145,
       0.95093234, 0.95086276, 0.95079303, 0.95074482, 0.95068051]), 'test_continuity': array([0.97920662, 0.97698971, 0.97564653, 0.97461914, 0.97379544,
       0.97313654, 0.97261149, 0.97212881, 0.9717203 , 0.97130767,
       0.97095326, 0.97062624, 0.9703388 , 0.97007054, 0.96981299,
       0.9695721 , 0.96934805, 0.9691232 , 0.96890641, 0.96870474]), 'test_neighbourhood_loss': array([0.92402   , 0.87912   , 0.84482333, 0.8167625 , 0.793482  ,
       0.77213833, 0.75342429, 0.73615   , 0.72058778, 0.706067  ,
       0.69293636, 0.68043667, 0.66889308, 0.65787857, 0.64781467,
       0.63820875, 0.62909588, 0.62060556, 0.61243158, 0.604484  ]), 'test_rank_correlation': array([0.11367202, 0.13150366, 0.14214646, 0.15318326, 0.16321983,
       0.17077603, 0.17734158, 0.18303825, 0.18896896, 0.19496481,
       0.20155946, 0.206933  , 0.21237377, 0.21685818, 0.22188796,
       0.22663258, 0.23136604, 0.23615226, 0.24068524, 0.24491418]), 'test_knn_recall': array([0.07598   , 0.12087   , 0.15517   , 0.183235  , 0.20651   ,
       0.22786   , 0.24657571, 0.26384625, 0.27941   , 0.293931  ,
       0.30706273, 0.31956   , 0.33110538, 0.34211929, 0.352184  ,
       0.36178625, 0.37090235, 0.37939056, 0.38756632, 0.3955135 ]), 'test_mrre': array([[0.04987994, 0.019005  ],
       [0.05001749, 0.0203732 ],
       [0.05008854, 0.02124272],
       [0.0501806 , 0.02191508],
       [0.05030067, 0.02246961],
       [0.05041915, 0.02293968],
       [0.05053615, 0.02334553],
       [0.05065092, 0.02371607],
       [0.05076453, 0.02405005],
       [0.05087564, 0.0243673 ],
       [0.05098913, 0.02465885],
       [0.05109579, 0.02493326],
       [0.05121079, 0.02518949],
       [0.05132101, 0.02543299],
       [0.05142948, 0.02566596],
       [0.05154082, 0.02588877],
       [0.05165457, 0.02610202],
       [0.05176681, 0.02630953],
       [0.05187444, 0.02651031],
       [0.0519835 , 0.02670387]]), 'test_mean_trustworthiness': 0.9508674884695273, 'test_mean_continuity': 0.971930928651141, 'test_mean_neighbourhood_loss': 0.7199680171167946, 'test_mean_rank_correlation': 0.1929088758002241, 'test_mean_knn_recall': 0.2800289168087159, 'test_mean_mrre': 0.03748498095838691}
INFO: Completed after 0:26:34
