INFO: Running command 'train'
INFO: Started run with ID "5"
INFO: Running evaluation on test dataset
INFO: Result: {'training.loss': 0.04821592432978962, 'training.loss.autoencoder': 0.0481567911138492, 'training.loss.geom_error': 0.0005913319676307895, 'training.reconstruction_error': 0.0481567911138492, 'test_stress': 0.8470276650911946, 'test_rmse': 5.363585129416947, 'test_spearman_metric': 0.5640840966908783, 'test_density_global': 0.41093767915581203, 'test_density_kl_global_100': 1.7678858637435684e-07, 'test_density_kl_global_01': 0.1506500796741274, 'test_trustworthiness': array([0.83126341, 0.83105706, 0.83119272, 0.83114745, 0.83094883,
       0.83104415, 0.83128833, 0.8315245 , 0.83170759, 0.83175473,
       0.83178697, 0.83183756, 0.83179777, 0.83181347, 0.83180294,
       0.83175146, 0.83167616, 0.83159273, 0.83154149, 0.83145635]), 'test_continuity': array([0.94577859, 0.93958443, 0.93508047, 0.93145414, 0.92849538,
       0.92589284, 0.92351117, 0.92126199, 0.91925897, 0.91737096,
       0.91552058, 0.9137805 , 0.91216467, 0.91059957, 0.90912561,
       0.90768126, 0.90625239, 0.90483626, 0.90351414, 0.90221599]), 'test_neighbourhood_loss': array([0.95675   , 0.93039   , 0.90818667, 0.8893025 , 0.873192  ,
       0.85850167, 0.84480571, 0.83216875, 0.82022556, 0.809286  ,
       0.79912818, 0.78957   , 0.78054077, 0.77186357, 0.763822  ,
       0.7560125 , 0.74888   , 0.74170889, 0.73501263, 0.728536  ]), 'test_rank_correlation': array([0.0951331 , 0.10619436, 0.11693967, 0.12517322, 0.131745  ,
       0.13833764, 0.14448241, 0.15052025, 0.15501839, 0.15940939,
       0.16384982, 0.16865835, 0.17314035, 0.17696824, 0.18068939,
       0.18440829, 0.18811655, 0.1915867 , 0.19495063, 0.19820093]), 'test_knn_recall': array([0.04325   , 0.06961   , 0.09181333, 0.110695  , 0.126806  ,
       0.14149833, 0.15519571, 0.16783   , 0.17977444, 0.190714  ,
       0.20087182, 0.21042917, 0.21945846, 0.228135  , 0.236178  ,
       0.24398687, 0.25111882, 0.25829   , 0.26498684, 0.2714645 ]), 'test_mrre': array([[0.16813179, 0.04868361],
       [0.16854772, 0.05217049],
       [0.16873177, 0.05452241],
       [0.16892677, 0.05635571],
       [0.16913679, 0.05785508],
       [0.16927236, 0.05915181],
       [0.16936405, 0.06031237],
       [0.16944628, 0.0613784 ],
       [0.16953072, 0.06234135],
       [0.16963683, 0.06323705],
       [0.16974269, 0.06408858],
       [0.16984259, 0.064888  ],
       [0.16995666, 0.06563729],
       [0.17005918, 0.06635378],
       [0.17016428, 0.06703254],
       [0.1702751 , 0.06768703],
       [0.17038877, 0.06832158],
       [0.17050296, 0.06893915],
       [0.17061025, 0.06952673],
       [0.17072228, 0.07009738]]), 'test_mean_trustworthiness': 0.8314992835811432, 'test_mean_continuity': 0.9186689958857983, 'test_mean_neighbourhood_loss': 0.8168941698059996, 'test_mean_rank_correlation': 0.1571761331447627, 'test_mean_knn_recall': 0.18310531562092236, 'test_mean_mrre': 0.11603925396129804}
INFO: Completed after 0:23:25
