INFO: Running command 'train'
INFO: Started run with ID "14"
INFO: Running evaluation on test dataset
INFO: Result: {'training.loss': 0.031103977910242976, 'training.reconstruction_error': 0.031103977910242976, 'test_stress': 0.563224659181595, 'test_rmse': 13.816036662736726, 'test_spearman_metric': 0.8607439498627636, 'test_density_global': 0.2306572933190872, 'test_density_kl_global_100': 9.072712881834159e-08, 'test_density_kl_global_01': 0.04495253010002931, 'test_trustworthiness': array([0.95021435, 0.95060205, 0.95082138, 0.95105268, 0.95126078,
       0.95133129, 0.95152534, 0.95171044, 0.95181224, 0.95184529,
       0.95185048, 0.95188707, 0.95191755, 0.95192751, 0.9519424 ,
       0.95194247, 0.95197111, 0.95196079, 0.95194689, 0.95190778]), 'test_continuity': array([0.97995149, 0.97781746, 0.97659529, 0.97564858, 0.97489736,
       0.97427838, 0.97379354, 0.9733573 , 0.97300546, 0.97263845,
       0.97232191, 0.97203847, 0.9717894 , 0.97156296, 0.97134233,
       0.97114202, 0.97094857, 0.97076425, 0.97058108, 0.97041227]), 'test_neighbourhood_loss': array([0.92422   , 0.881635  , 0.84758667, 0.817665  , 0.793866  ,
       0.77263333, 0.75332286, 0.735805  , 0.71962333, 0.705173  ,
       0.69194273, 0.67938833, 0.66766615, 0.65654357, 0.646074  ,
       0.63590063, 0.62642471, 0.61747667, 0.60895   , 0.6007315 ]), 'test_rank_correlation': array([0.11860453, 0.13653166, 0.14378031, 0.15298547, 0.16250773,
       0.17069719, 0.17794309, 0.18422374, 0.19025435, 0.19655563,
       0.20289369, 0.20874756, 0.21401738, 0.21859498, 0.22376725,
       0.22804438, 0.23271731, 0.23733967, 0.2420893 , 0.24640758]), 'test_knn_recall': array([0.07576   , 0.118355  , 0.15241333, 0.1823325 , 0.206132  ,
       0.22736167, 0.24667571, 0.26419125, 0.28037444, 0.294824  ,
       0.30805455, 0.32061   , 0.33233231, 0.34345643, 0.35392467,
       0.36409812, 0.37357353, 0.38252056, 0.39104789, 0.399266  ]), 'test_mrre': array([[0.05025785, 0.01834938],
       [0.05027287, 0.0196716 ],
       [0.05033559, 0.0204947 ],
       [0.05039565, 0.02113375],
       [0.05045882, 0.0216591 ],
       [0.05055227, 0.02210908],
       [0.05061787, 0.02249655],
       [0.05068293, 0.02284858],
       [0.05076312, 0.02316279],
       [0.0508552 , 0.02346299],
       [0.05095239, 0.02373976],
       [0.05104327, 0.02399846],
       [0.0511342 , 0.02424069],
       [0.05122799, 0.02446998],
       [0.05131987, 0.02468993],
       [0.05141355, 0.0248995 ],
       [0.05150128, 0.02510142],
       [0.05159464, 0.0252961 ],
       [0.05168776, 0.02548536],
       [0.05178434, 0.0256676 ]]), 'test_mean_trustworthiness': 0.9515714944650719, 'test_mean_continuity': 0.973244328208758, 'test_mean_neighbourhood_loss': 0.7191314236952976, 'test_mean_rank_correlation': 0.19443513986613073, 'test_mean_knn_recall': 0.2808651980909635, 'test_mean_mrre': 0.03704571966522396}
INFO: Completed after 0:28:15
