INFO: Running command 'train'
INFO: Started run with ID "8"
INFO: Running evaluation on test dataset
INFO: Result: {'training.loss': 0.032315063649522406, 'training.loss.autoencoder': 0.03220365320531918, 'training.loss.geom_error': 0.001114104017272309, 'training.reconstruction_error': 0.03220365320531918, 'test_stress': 0.34031323584830786, 'test_rmse': 5.021660599200971, 'test_spearman_metric': 0.8220842392754276, 'test_density_global': 0.269528209686385, 'test_density_kl_global_100': 1.0119821674636792e-07, 'test_density_kl_global_01': 0.058243341087701746, 'test_trustworthiness': array([0.94777388, 0.94822759, 0.94856539, 0.94893271, 0.94923406,
       0.94954414, 0.94985562, 0.95015911, 0.95040538, 0.95055967,
       0.95075519, 0.95091899, 0.9510432 , 0.9511945 , 0.95131598,
       0.95145558, 0.95158745, 0.95168791, 0.95177674, 0.95189837]), 'test_continuity': array([0.98172544, 0.97965758, 0.97852058, 0.97765569, 0.97701128,
       0.97650386, 0.97611293, 0.97576592, 0.97549105, 0.97521811,
       0.97496143, 0.97476456, 0.97458813, 0.97443203, 0.97429626,
       0.97416622, 0.97404118, 0.97393308, 0.9738268 , 0.97372247]), 'test_neighbourhood_loss': array([0.92447   , 0.880415  , 0.84680333, 0.817605  , 0.792874  ,
       0.77082   , 0.75061714, 0.73238   , 0.71609333, 0.701124  ,
       0.68750818, 0.67447667, 0.66230769, 0.65076571, 0.63980533,
       0.6296675 , 0.61983471, 0.610525  , 0.60170316, 0.593241  ]), 'test_rank_correlation': array([0.12530249, 0.1459407 , 0.15514595, 0.16611885, 0.1760389 ,
       0.1842115 , 0.19119175, 0.19836544, 0.20487546, 0.21143442,
       0.21899401, 0.22453966, 0.23022629, 0.2351121 , 0.24025571,
       0.2453214 , 0.25048502, 0.25539361, 0.26031634, 0.26498046]), 'test_knn_recall': array([0.07553   , 0.119585  , 0.1532    , 0.1824    , 0.207122  ,
       0.22917833, 0.24937571, 0.2676175 , 0.28390556, 0.298871  ,
       0.31249091, 0.32552083, 0.33769077, 0.34923   , 0.360194  ,
       0.37033063, 0.38016294, 0.38947444, 0.39829368, 0.4067565 ]), 'test_mrre': array([[0.05286941, 0.01665219],
       [0.05280902, 0.01793666],
       [0.05281909, 0.01872458],
       [0.05282625, 0.01933237],
       [0.05285283, 0.01982208],
       [0.05287651, 0.02023559],
       [0.05289997, 0.02059142],
       [0.0529243 , 0.0209126 ],
       [0.05295945, 0.02119961],
       [0.05301223, 0.02147   ],
       [0.05305749, 0.02172365],
       [0.05310856, 0.02195521],
       [0.05316666, 0.02217299],
       [0.05321934, 0.02237883],
       [0.05327723, 0.02257315],
       [0.05333142, 0.02275955],
       [0.05338663, 0.02293908],
       [0.05344695, 0.02311021],
       [0.05350861, 0.0232761 ],
       [0.05356462, 0.0234373 ]]), 'test_mean_trustworthiness': 0.950344572626666, 'test_mean_continuity': 0.9758197292145327, 'test_mean_neighbourhood_loss': 0.715151838085622, 'test_mean_rank_correlation': 0.20921250340370173, 'test_mean_knn_recall': 0.2848464904830529, 'test_mean_mrre': 0.03712799317170405}
INFO: Completed after 0:22:09
