INFO: Running command 'train'
INFO: Started run with ID "7"
INFO: Running evaluation on test dataset
INFO: Result: {'training.loss': 0.032630813507629294, 'training.loss.autoencoder': 0.03249987844776894, 'training.loss.geom_error': 0.0013093507281155326, 'training.reconstruction_error': 0.03249987844776894, 'test_stress': 0.32597820782504816, 'test_rmse': 4.7717316994780745, 'test_spearman_metric': 0.8495409429016387, 'test_density_global': 0.2545860840889135, 'test_density_kl_global_100': 8.375622455474355e-08, 'test_density_kl_global_01': 0.052660682939267144, 'test_trustworthiness': array([0.94865344, 0.94891937, 0.94930899, 0.94974698, 0.95001021,
       0.95026128, 0.9504847 , 0.95062697, 0.95074883, 0.95092889,
       0.9510546 , 0.95113441, 0.95121678, 0.95128921, 0.95134411,
       0.95141368, 0.9514629 , 0.95152301, 0.95155669, 0.95157653]), 'test_continuity': array([0.98079366, 0.97857807, 0.97735059, 0.97642839, 0.97571317,
       0.97515105, 0.97469288, 0.9742946 , 0.97398888, 0.9736882 ,
       0.97339553, 0.97316899, 0.97296057, 0.97278643, 0.97261529,
       0.97245736, 0.97230887, 0.97217372, 0.97204311, 0.97191415]), 'test_neighbourhood_loss': array([0.92353   , 0.88183   , 0.84679   , 0.81865   , 0.79435   ,
       0.77231167, 0.75305   , 0.73561375, 0.71962778, 0.704859  ,
       0.69145727, 0.67889417, 0.66715231, 0.65590571, 0.645478  ,
       0.63543312, 0.62606   , 0.61707167, 0.60872421, 0.600578  ]), 'test_rank_correlation': array([0.12305851, 0.14345802, 0.15106657, 0.16200118, 0.17191414,
       0.17891531, 0.18653407, 0.19315246, 0.19886728, 0.20480871,
       0.21209567, 0.21732527, 0.22310335, 0.22774418, 0.23300771,
       0.23785976, 0.24284559, 0.24743766, 0.25221322, 0.25664113]), 'test_knn_recall': array([0.07645   , 0.11815   , 0.1532    , 0.1813375 , 0.205636  ,
       0.22768333, 0.24694714, 0.264385  , 0.28036667, 0.295132  ,
       0.30853909, 0.32109917, 0.33284385, 0.34408929, 0.354518  ,
       0.36456437, 0.37393706, 0.382925  , 0.39127158, 0.399419  ]), 'test_mrre': array([[0.05189008, 0.01751255],
       [0.05193161, 0.01886316],
       [0.05194733, 0.01969371],
       [0.05194431, 0.02032904],
       [0.05198332, 0.02084699],
       [0.05202559, 0.02128404],
       [0.05207309, 0.02166405],
       [0.05213641, 0.02200578],
       [0.05220418, 0.0223083 ],
       [0.05226014, 0.02259267],
       [0.05232553, 0.02286104],
       [0.05239939, 0.02310557],
       [0.05247225, 0.02333629],
       [0.05254655, 0.02355216],
       [0.05262335, 0.02375906],
       [0.05269725, 0.02395678],
       [0.05277375, 0.02414654],
       [0.05284783, 0.02432844],
       [0.05292566, 0.02450421],
       [0.05300524, 0.02467531]]), 'test_mean_trustworthiness': 0.9506630777643679, 'test_mean_continuity': 0.9743251755135972, 'test_mean_neighbourhood_loss': 0.7188683329004668, 'test_mean_rank_correlation': 0.20320248905260882, 'test_mean_knn_recall': 0.2811247022535966, 'test_mean_mrre': 0.037308463188851504}
INFO: Completed after 0:24:10
