INFO: Running command 'train'
INFO: Started run with ID "1"
INFO: Running evaluation on test dataset
INFO: Result: {'training.loss': 0.04635460539720952, 'training.reconstruction_error': 0.04635460539720952, 'test_stress': 0.6471835985960136, 'test_rmse': 9.599532798630808, 'test_spearman_metric': 0.5208608910354037, 'test_density_global': 0.4096109013891762, 'test_density_kl_global_100': 2.4678769899523657e-07, 'test_density_kl_global_01': 0.1352997541862585, 'test_trustworthiness': array([0.84329754, 0.84453418, 0.84474712, 0.84481021, 0.84494982,
       0.84499513, 0.84493732, 0.84500099, 0.84497336, 0.84487128,
       0.84468032, 0.84457572, 0.84447447, 0.8443136 , 0.84409355,
       0.8439601 , 0.84383836, 0.84361869, 0.84338631, 0.84319469]), 'test_continuity': array([0.93495799, 0.92741312, 0.92220226, 0.91823284, 0.91495327,
       0.9119956 , 0.90938331, 0.90699233, 0.90487474, 0.90281261,
       0.90086711, 0.89905285, 0.89732691, 0.89568249, 0.89407974,
       0.89257166, 0.89105425, 0.88952914, 0.88812701, 0.8868049 ]), 'test_neighbourhood_loss': array([0.95411   , 0.92433   , 0.90111333, 0.8816175 , 0.864216  ,
       0.84882333, 0.83513571, 0.8225225 , 0.81059667, 0.7999    ,
       0.79002909, 0.78029167, 0.77131692, 0.76279143, 0.75483467,
       0.74707625, 0.73986588, 0.73309833, 0.72651947, 0.720195  ]), 'test_rank_correlation': array([0.08771894, 0.10229558, 0.11224436, 0.11781968, 0.12439229,
       0.12976781, 0.13557728, 0.14156283, 0.14556664, 0.15026899,
       0.15500016, 0.15913714, 0.16305337, 0.16681672, 0.17061178,
       0.17406109, 0.1778336 , 0.18218581, 0.18584687, 0.18883978]), 'test_knn_recall': array([0.04589   , 0.07566   , 0.09888667, 0.1183775 , 0.135778  ,
       0.15117667, 0.16486286, 0.177475  , 0.1894    , 0.200097  ,
       0.20996818, 0.2197075 , 0.22868231, 0.23720857, 0.245164  ,
       0.2529225 , 0.26013353, 0.26690111, 0.27347895, 0.2798045 ]), 'test_mrre': array([[0.15706548, 0.0586691 ],
       [0.15675076, 0.06279247],
       [0.15675117, 0.0655053 ],
       [0.15681312, 0.06754952],
       [0.15686896, 0.0692189 ],
       [0.15694841, 0.07067615],
       [0.15705472, 0.07195726],
       [0.15713839, 0.07311468],
       [0.15724048, 0.07415521],
       [0.15735795, 0.07513359],
       [0.15749337, 0.07604664],
       [0.15761315, 0.07689938],
       [0.15773204, 0.07770452],
       [0.15786139, 0.07846803],
       [0.15800079, 0.07920009],
       [0.15812494, 0.07989435],
       [0.1582465 , 0.08057091],
       [0.15838402, 0.08123179],
       [0.15852379, 0.08185653],
       [0.15865606, 0.08245342]]), 'test_mean_trustworthiness': 0.8443626384091857, 'test_mean_continuity': 0.9044457073978819, 'test_mean_neighbourhood_loss': 0.8084191881440168, 'test_mean_rank_correlation': 0.14853003699935624, 'test_mean_knn_recall': 0.19157874196532743, 'test_mean_mrre': 0.11584308349255948}
INFO: Completed after 0:27:08
