INFO: Running command 'train'
INFO: Started run with ID "12"
INFO: Running evaluation on test dataset
INFO: Result: {'training.loss': 0.03130719147156924, 'training.reconstruction_error': 0.03130719147156924, 'test_stress': 0.5935575617413757, 'test_rmse': 15.56365049569336, 'test_spearman_metric': 0.8268142589449937, 'test_density_global': 0.2579806607858818, 'test_density_kl_global_100': 1.246272917794944e-07, 'test_density_kl_global_01': 0.05517661473544339, 'test_trustworthiness': array([0.94905294, 0.94954104, 0.94956569, 0.94975345, 0.94987149,
       0.94988948, 0.94995025, 0.95011133, 0.9501402 , 0.95015989,
       0.95019719, 0.95017983, 0.95019568, 0.95022307, 0.95025149,
       0.95025113, 0.95022813, 0.95021823, 0.950199  , 0.95018876]), 'test_continuity': array([0.98013591, 0.97796087, 0.97665655, 0.97568732, 0.97490548,
       0.97425217, 0.97374313, 0.97328366, 0.97290478, 0.97250888,
       0.97216191, 0.97184684, 0.97157782, 0.97131296, 0.97105945,
       0.97083307, 0.97060813, 0.97038923, 0.9701746 , 0.96997782]), 'test_neighbourhood_loss': array([0.92525   , 0.88156   , 0.84852   , 0.820945  , 0.796104  ,
       0.77546333, 0.75686   , 0.73944375, 0.72366778, 0.708957  ,
       0.69556091, 0.68320833, 0.67137077, 0.66023429, 0.649892  ,
       0.64001062, 0.63062176, 0.62173222, 0.61343211, 0.6053225 ]), 'test_rank_correlation': array([0.11725437, 0.13858141, 0.14829576, 0.1580158 , 0.16789031,
       0.17621715, 0.18322884, 0.18938582, 0.19521602, 0.20122612,
       0.20756319, 0.21303588, 0.21819577, 0.2225985 , 0.22775657,
       0.23235884, 0.23698463, 0.24159031, 0.24664201, 0.25083101]), 'test_knn_recall': array([0.07474   , 0.118435  , 0.15148333, 0.1790525 , 0.203894  ,
       0.22453833, 0.24313429, 0.26055625, 0.27633111, 0.291042  ,
       0.30443818, 0.31679083, 0.32862846, 0.33976571, 0.350106  ,
       0.35998687, 0.36937882, 0.37826556, 0.38656789, 0.394677  ]), 'test_mrre': array([[0.0509522 , 0.01813529],
       [0.05100739, 0.01947437],
       [0.05115933, 0.0203266 ],
       [0.05125854, 0.02097868],
       [0.05136459, 0.02151708],
       [0.05148768, 0.02198031],
       [0.05159863, 0.02237812],
       [0.05168513, 0.02273959],
       [0.05179339, 0.02306393],
       [0.05190164, 0.0233743 ],
       [0.05200469, 0.02366124],
       [0.0521154 , 0.02393039],
       [0.05221867, 0.02418042],
       [0.05231786, 0.02442074],
       [0.05241484, 0.02465078],
       [0.05251549, 0.02486874],
       [0.05261871, 0.02508011],
       [0.05271851, 0.02528456],
       [0.05281849, 0.02548271],
       [0.05291554, 0.02567347]]), 'test_mean_trustworthiness': 0.9500084126872128, 'test_mean_continuity': 0.973099029043008, 'test_mean_neighbourhood_loss': 0.7224078187835808, 'test_mean_rank_correlation': 0.19864341465306584, 'test_mean_knn_recall': 0.2775906076644782, 'test_mean_mrre': 0.03750170397726187}
INFO: Completed after 0:27:02
