INFO: Running command 'train'
INFO: Started run with ID "20"
INFO: Running evaluation on test dataset
INFO: Result: {'training.loss': 0.03300366533387985, 'training.loss.autoencoder': 0.032882328052073716, 'training.loss.geom_error': 0.0012133727279433515, 'training.reconstruction_error': 0.032882328052073716, 'test_stress': 0.36331623360228477, 'test_rmse': 5.736077745785992, 'test_spearman_metric': 0.83635775807823, 'test_density_global': 0.25068025481234757, 'test_density_kl_global_100': 8.577871189800723e-08, 'test_density_kl_global_01': 0.051147448392791534, 'test_trustworthiness': array([0.94844611, 0.94860641, 0.94886572, 0.9490968 , 0.94934196,
       0.9496607 , 0.94992098, 0.95014949, 0.95038884, 0.95057843,
       0.95074008, 0.95090246, 0.95101837, 0.95114346, 0.95124149,
       0.95136408, 0.95145189, 0.95151634, 0.9515629 , 0.95163193]), 'test_continuity': array([0.98046503, 0.97826805, 0.97702156, 0.97608521, 0.9753515 ,
       0.97477549, 0.97431957, 0.97389802, 0.97356492, 0.97325435,
       0.97296175, 0.97272839, 0.97251489, 0.97233043, 0.97215604,
       0.97199689, 0.97184392, 0.97170395, 0.97157013, 0.97144717]), 'test_neighbourhood_loss': array([0.92414   , 0.881205  , 0.84802333, 0.8196    , 0.795756  ,
       0.77458   , 0.75552286, 0.7380025 , 0.72219222, 0.707601  ,
       0.69400818, 0.68100417, 0.66889462, 0.65761571, 0.64706333,
       0.63715375, 0.62777647, 0.61876556, 0.61029895, 0.6021485 ]), 'test_rank_correlation': array([0.12208717, 0.14344212, 0.15240205, 0.16322229, 0.17275568,
       0.18002312, 0.18688356, 0.19332629, 0.19927873, 0.20557652,
       0.21247484, 0.21765171, 0.22282417, 0.22748831, 0.23278089,
       0.23754354, 0.24247051, 0.24713078, 0.25204538, 0.25630956]), 'test_knn_recall': array([0.07585   , 0.11879   , 0.15198   , 0.1803925 , 0.204242  ,
       0.22541833, 0.24447714, 0.2619925 , 0.27780667, 0.292396  ,
       0.30598909, 0.31899333, 0.33110462, 0.34238429, 0.352936  ,
       0.36284563, 0.37222235, 0.38123222, 0.38969789, 0.3978495 ]), 'test_mrre': array([[0.05219818, 0.01778401],
       [0.0522377 , 0.01913731],
       [0.05228923, 0.01997679],
       [0.05234873, 0.0206194 ],
       [0.05240292, 0.02114457],
       [0.05243808, 0.02158728],
       [0.05248337, 0.0219694 ],
       [0.05253291, 0.02231815],
       [0.05257855, 0.02262843],
       [0.05263262, 0.02291683],
       [0.05269132, 0.02318755],
       [0.05274929, 0.02343536],
       [0.05281499, 0.0236691 ],
       [0.05287813, 0.02388847],
       [0.05294529, 0.02409762],
       [0.05300747, 0.02429705],
       [0.05307495, 0.02448896],
       [0.05314615, 0.02467299],
       [0.05321936, 0.02485056],
       [0.05328855, 0.0250218 ]]), 'test_mean_trustworthiness': 0.950381422530941, 'test_mean_continuity': 0.9739128636478501, 'test_mean_neighbourhood_loss': 0.7205676073849544, 'test_mean_rank_correlation': 0.20338586143551574, 'test_mean_knn_recall': 0.2794300031549355, 'test_mean_mrre': 0.03764123529947075}
INFO: Completed after 0:43:39
