INFO: Running command 'train'
INFO: Started run with ID "17"
INFO: Running evaluation on test dataset
INFO: Result: {'training.loss': 0.032586061917910615, 'training.loss.autoencoder': 0.032460418180562556, 'training.loss.geom_error': 0.001256437909043078, 'training.reconstruction_error': 0.032460418180562556, 'test_stress': 0.3302758792073481, 'test_rmse': 4.883266591640342, 'test_spearman_metric': 0.8508296868083357, 'test_density_global': 0.252998599341704, 'test_density_kl_global_100': 8.289188562907483e-08, 'test_density_kl_global_01': 0.0521155860406777, 'test_trustworthiness': array([0.94847426, 0.94898107, 0.94935908, 0.94966267, 0.94989542,
       0.9500759 , 0.95026564, 0.95044018, 0.9505939 , 0.95067834,
       0.95074898, 0.95085174, 0.95090401, 0.95098269, 0.95106381,
       0.9511292 , 0.95118368, 0.95124133, 0.95128577, 0.95132011]), 'test_continuity': array([0.9803245 , 0.97804538, 0.97679427, 0.97584601, 0.97510737,
       0.9745227 , 0.97405414, 0.97363876, 0.97332259, 0.97301543,
       0.97271784, 0.97248062, 0.9722622 , 0.97207798, 0.97189923,
       0.97173486, 0.97158026, 0.97143998, 0.9713035 , 0.97117018]), 'test_neighbourhood_loss': array([0.92421   , 0.882625  , 0.84847333, 0.819975  , 0.795334  ,
       0.773535  , 0.75461714, 0.737415  , 0.72145778, 0.707043  ,
       0.69372364, 0.6809375 , 0.66936615, 0.65826571, 0.64776333,
       0.63798313, 0.62857059, 0.61970611, 0.61132263, 0.6033435 ]), 'test_rank_correlation': array([0.12321682, 0.1430552 , 0.14950546, 0.16059403, 0.17020284,
       0.17721331, 0.18465713, 0.19107346, 0.19642877, 0.20212824,
       0.20911495, 0.21429143, 0.21987111, 0.22443059, 0.229657  ,
       0.23440638, 0.23939035, 0.24393979, 0.24874806, 0.25316464]), 'test_knn_recall': array([0.0758    , 0.117375  , 0.15153   , 0.1800275 , 0.204664  ,
       0.22647   , 0.24538286, 0.262585  , 0.27854   , 0.292958  ,
       0.30627455, 0.31905833, 0.33063231, 0.34173143, 0.35223667,
       0.36201563, 0.37142882, 0.38029278, 0.38867579, 0.3966545 ]), 'test_mrre': array([[0.05179015, 0.0178965 ],
       [0.05178629, 0.01928474],
       [0.05181238, 0.02013296],
       [0.0518499 , 0.02078319],
       [0.05190427, 0.02131297],
       [0.05196985, 0.02176059],
       [0.05203124, 0.02214757],
       [0.05209492, 0.02249725],
       [0.0521614 , 0.02280583],
       [0.05224046, 0.02309506],
       [0.05232147, 0.02336769],
       [0.05239603, 0.0236173 ],
       [0.05247894, 0.02385265],
       [0.05255577, 0.02407296],
       [0.05263145, 0.02428388],
       [0.05270875, 0.02448514],
       [0.05278744, 0.02467824],
       [0.05286478, 0.02486321],
       [0.05294351, 0.02504207],
       [0.05302294, 0.02521588]]), 'test_mean_trustworthiness': 0.9504568880152485, 'test_mean_continuity': 0.9736668895476515, 'test_mean_neighbourhood_loss': 0.7207833773861196, 'test_mean_rank_correlation': 0.20075447800897553, 'test_mean_knn_recall': 0.27921665773210064, 'test_mean_mrre': 0.03753869027190683}
INFO: Completed after 0:45:33
