INFO: Running command 'train'
INFO: Started run with ID "15"
INFO: Running evaluation on test dataset
INFO: Result: {'training.loss': 0.03148354417644441, 'training.reconstruction_error': 0.03148354417644441, 'test_stress': 0.5409081024754223, 'test_rmse': 12.571913214865603, 'test_spearman_metric': 0.8611182288031883, 'test_density_global': 0.2122546589858394, 'test_density_kl_global_100': 1.0692224136549587e-07, 'test_density_kl_global_01': 0.03870883456104942, 'test_trustworthiness': array([0.94930653, 0.94927321, 0.9497973 , 0.95019328, 0.95039228,
       0.9505849 , 0.95064714, 0.95081885, 0.95092299, 0.95099561,
       0.95111648, 0.95116781, 0.9512124 , 0.95121538, 0.95124404,
       0.95128621, 0.95129931, 0.95129614, 0.95130036, 0.95128785]), 'test_continuity': array([0.98076933, 0.97865981, 0.97743139, 0.97648255, 0.97571125,
       0.9751136 , 0.97462955, 0.97417776, 0.9738127 , 0.97343892,
       0.97312842, 0.97284754, 0.97258949, 0.97234998, 0.97211554,
       0.97189428, 0.97168482, 0.97148418, 0.97128472, 0.97110289]), 'test_neighbourhood_loss': array([0.9227    , 0.879575  , 0.84584   , 0.816895  , 0.792548  ,
       0.77065167, 0.75109857, 0.73297875, 0.71677   , 0.701915  ,
       0.68833091, 0.67532833, 0.66335385, 0.65189571, 0.64152867,
       0.63148625, 0.62196176, 0.61301444, 0.60453789, 0.5963325 ]), 'test_rank_correlation': array([0.11878071, 0.13898942, 0.14930254, 0.15969809, 0.17001986,
       0.17747236, 0.18496557, 0.19179551, 0.19810756, 0.20446964,
       0.21118224, 0.21643603, 0.22203457, 0.22680492, 0.2321521 ,
       0.23724685, 0.24220136, 0.24713363, 0.25212609, 0.25661164]), 'test_knn_recall': array([0.0773    , 0.12042   , 0.15415667, 0.1831    , 0.207448  ,
       0.22934333, 0.2489    , 0.2670175 , 0.28322778, 0.29808   ,
       0.31166545, 0.32466917, 0.33664154, 0.34810429, 0.358468  ,
       0.36851438, 0.37803824, 0.38698278, 0.39545947, 0.4036655 ]), 'test_mrre': array([[0.05127736, 0.01758177],
       [0.05141043, 0.01888313],
       [0.05140095, 0.01970168],
       [0.05141499, 0.020338  ],
       [0.05147344, 0.0208658 ],
       [0.05153293, 0.02130974],
       [0.05161949, 0.02169535],
       [0.0516844 , 0.02204938],
       [0.05176152, 0.02236529],
       [0.05184401, 0.02266618],
       [0.05191641, 0.02294094],
       [0.05200082, 0.02319859],
       [0.0520856 , 0.0234416 ],
       [0.05217715, 0.02367247],
       [0.05226321, 0.02389433],
       [0.05234626, 0.02410691],
       [0.05243372, 0.02431117],
       [0.05252294, 0.02450824],
       [0.0526105 , 0.02469984],
       [0.05270022, 0.02488409]]), 'test_mean_trustworthiness': 0.9507679048691864, 'test_mean_continuity': 0.9740354375607302, 'test_mean_neighbourhood_loss': 0.7159371155756413, 'test_mean_rank_correlation': 0.20187653523195878, 'test_mean_knn_recall': 0.2840601042460914, 'test_mean_mrre': 0.03713977140547584}
