INFO: Running command 'train'
INFO: Started run with ID "18"
INFO: Running evaluation on test dataset
INFO: Result: {'training.loss': 0.03237856611875551, 'training.loss.autoencoder': 0.0322730899322778, 'training.loss.geom_error': 0.0010547621987955478, 'training.reconstruction_error': 0.0322730899322778, 'test_stress': 0.34397421665321376, 'test_rmse': 5.1070922627627064, 'test_spearman_metric': 0.8175476069528695, 'test_density_global': 0.2681684071815027, 'test_density_kl_global_100': 1.0252641025344703e-07, 'test_density_kl_global_01': 0.058028155467726154, 'test_trustworthiness': array([0.94760662, 0.94794382, 0.94825604, 0.94863047, 0.94903013,
       0.9493193 , 0.94959205, 0.94981202, 0.95005696, 0.95024871,
       0.95043429, 0.95060836, 0.9507689 , 0.95092194, 0.95109442,
       0.95125176, 0.95139045, 0.95150308, 0.95161621, 0.95173951]), 'test_continuity': array([0.98189291, 0.97986611, 0.9787443 , 0.97789761, 0.97726075,
       0.97676746, 0.97638952, 0.97605379, 0.97578727, 0.97552345,
       0.97527409, 0.97508448, 0.97491375, 0.97476169, 0.97462886,
       0.9745055 , 0.97438194, 0.97427703, 0.97417666, 0.97407544]), 'test_neighbourhood_loss': array([0.92312   , 0.879785  , 0.84558333, 0.81649   , 0.791924  ,
       0.76947667, 0.74947429, 0.73113125, 0.71482889, 0.699797  ,
       0.68625   , 0.67320917, 0.66100231, 0.64931071, 0.638184  ,
       0.6278525 , 0.61797529, 0.6086    , 0.59963895, 0.5910905 ]), 'test_rank_correlation': array([0.12478801, 0.14609978, 0.15627862, 0.16712085, 0.17743851,
       0.18552164, 0.19251922, 0.19971239, 0.20634604, 0.21304947,
       0.2205581 , 0.22613358, 0.23188871, 0.23696152, 0.24224762,
       0.2473725 , 0.25265396, 0.25765832, 0.26258423, 0.26727376]), 'test_knn_recall': array([0.07686   , 0.120215  , 0.15441667, 0.1835125 , 0.20807   ,
       0.23052   , 0.25052143, 0.268865  , 0.28517   , 0.300199  ,
       0.31374818, 0.326785  , 0.33899308, 0.35068714, 0.36181467,
       0.37214375, 0.38202294, 0.39139667, 0.40035526, 0.4089065 ]), 'test_mrre': array([[0.0527836 , 0.01650944],
       [0.05283861, 0.01777479],
       [0.05288161, 0.01855363],
       [0.05290517, 0.01915297],
       [0.05291854, 0.01963771],
       [0.05295352, 0.02004543],
       [0.05298971, 0.02039589],
       [0.05303686, 0.02071245],
       [0.0530773 , 0.02099565],
       [0.05312687, 0.02126217],
       [0.05317721, 0.02151257],
       [0.05322946, 0.02174098],
       [0.05328338, 0.02195602],
       [0.0533381 , 0.02215946],
       [0.05338875, 0.02235172],
       [0.05344107, 0.02253545],
       [0.05349598, 0.02271324],
       [0.05355484, 0.02288241],
       [0.0536131 , 0.02304594],
       [0.05366907, 0.02320535]]), 'test_mean_trustworthiness': 0.9500912522651189, 'test_mean_continuity': 0.9761131312152658, 'test_mean_neighbourhood_loss': 0.713736192736694, 'test_mean_rank_correlation': 0.21071034050106535, 'test_mean_knn_recall': 0.28626013922520976, 'test_mean_mrre': 0.037071150404424616}
INFO: Completed after 0:40:08
