INFO: Running command 'train'
INFO: Started run with ID "4"
INFO: Running evaluation on test dataset
INFO: Result: {'training.loss': 0.04574540278741292, 'training.loss.autoencoder': 0.04568006127540555, 'training.loss.geom_error': 0.0006534156174893724, 'training.reconstruction_error': 0.04568006127540555, 'test_stress': 0.5868767040243444, 'test_rmse': 4.60194686893111, 'test_spearman_metric': 0.49092161809374424, 'test_density_global': 0.44440257490406354, 'test_density_kl_global_100': 2.088960688133985e-07, 'test_density_kl_global_01': 0.1672514777388781, 'test_trustworthiness': array([0.85273599, 0.85330294, 0.85317236, 0.85354487, 0.8537491 ,
       0.85404499, 0.85399725, 0.85392913, 0.85389621, 0.8538755 ,
       0.85386578, 0.8537268 , 0.85358088, 0.85343451, 0.85330238,
       0.8531225 , 0.85298268, 0.85279765, 0.8526367 , 0.8524504 ]), 'test_continuity': array([0.94633082, 0.93983647, 0.93528734, 0.9316545 , 0.92862181,
       0.92584333, 0.92325757, 0.92091671, 0.91879244, 0.91675307,
       0.91478726, 0.91293797, 0.91118797, 0.90954553, 0.90790143,
       0.90633857, 0.90478006, 0.90324276, 0.90176989, 0.9003588 ]), 'test_neighbourhood_loss': array([0.95011   , 0.921415  , 0.89798667, 0.8775525 , 0.85995   ,
       0.844325  , 0.83017143, 0.81734125, 0.80542444, 0.794061  ,
       0.78327091, 0.77331417, 0.76423231, 0.75521643, 0.74692   ,
       0.73906562, 0.73154588, 0.72442944, 0.71773421, 0.711166  ]), 'test_rank_correlation': array([0.09810135, 0.11286675, 0.12272755, 0.12988902, 0.13699915,
       0.14422339, 0.14970513, 0.15584148, 0.16086483, 0.16561159,
       0.17044583, 0.17498664, 0.1798658 , 0.1835202 , 0.18781451,
       0.19157918, 0.19566141, 0.19997144, 0.20347184, 0.2067169 ]), 'test_knn_recall': array([0.04988   , 0.07858   , 0.10201333, 0.1224475 , 0.140048  ,
       0.15567333, 0.16982429, 0.18265875, 0.19457333, 0.205937  ,
       0.21672909, 0.22668667, 0.23576615, 0.24478143, 0.25307933,
       0.26093375, 0.26845353, 0.27557111, 0.28226474, 0.288833  ]), 'test_mrre': array([[0.14764951, 0.04844916],
       [0.14754807, 0.05198243],
       [0.14769442, 0.05433935],
       [0.14772248, 0.05617233],
       [0.14778162, 0.05768583],
       [0.14781825, 0.05902172],
       [0.14792772, 0.06023062],
       [0.14804275, 0.06132283],
       [0.1481516 , 0.06231794],
       [0.14825763, 0.0632518 ],
       [0.14836122, 0.06413467],
       [0.1484875 , 0.06496387],
       [0.14861542, 0.06574723],
       [0.14874355, 0.06648729],
       [0.14886826, 0.0672056 ],
       [0.14900107, 0.06789072],
       [0.14912678, 0.06855796],
       [0.14925964, 0.06920583],
       [0.14938745, 0.06982897],
       [0.14951915, 0.07042858]]), 'test_mean_trustworthiness': 0.8534074310820898, 'test_mean_continuity': 0.9180072146503514, 'test_mean_neighbourhood_loss': 0.8022616132013786, 'test_mean_rank_correlation': 0.1635431987328418, 'test_mean_knn_recall': 0.197736716820297, 'test_mean_mrre': 0.10542971979152371}
INFO: Completed after 0:22:38
