INFO: Running command 'train'
INFO: Started run with ID "4"
INFO: Running evaluation on test dataset
INFO: Result: {'training.loss': 0.04527946348701205, 'training.reconstruction_error': 0.04527946348701205, 'test_stress': 0.48551906308867004, 'test_rmse': 5.258065999718595, 'test_spearman_metric': 0.5817108921613406, 'test_density_global': 0.40125270065441115, 'test_density_kl_global_100': 1.5273406870812775e-07, 'test_density_kl_global_01': 0.1331124476563298, 'test_trustworthiness': array([0.85475175, 0.85502389, 0.85505003, 0.85502784, 0.85489269,
       0.8545407 , 0.85435037, 0.854183  , 0.85400647, 0.85366171,
       0.8533486 , 0.85300011, 0.8525778 , 0.8521299 , 0.85175929,
       0.85133757, 0.85095647, 0.85056295, 0.8500705 , 0.84967089]), 'test_continuity': array([0.94311075, 0.93624722, 0.9313999 , 0.9276265 , 0.92444595,
       0.92153672, 0.91895087, 0.9165619 , 0.91438024, 0.91230634,
       0.91033613, 0.90848616, 0.90673271, 0.90502113, 0.9033582 ,
       0.90181156, 0.90027205, 0.89875186, 0.89730944, 0.89591116]), 'test_neighbourhood_loss': array([0.95253   , 0.92292   , 0.89947333, 0.879605  , 0.86237   ,
       0.846845  , 0.83239143, 0.81958   , 0.80796889, 0.796994  ,
       0.78679545, 0.7773825 , 0.76877154, 0.76062214, 0.752912  ,
       0.74559   , 0.73854471, 0.73213278, 0.72603158, 0.720174  ]), 'test_rank_correlation': array([0.09212452, 0.10829599, 0.11813694, 0.12478656, 0.1309909 ,
       0.13842237, 0.14318186, 0.14947726, 0.15477766, 0.1595904 ,
       0.16408867, 0.16855351, 0.17334674, 0.17762651, 0.1818132 ,
       0.18539893, 0.18907723, 0.19323652, 0.19690291, 0.20012722]), 'test_knn_recall': array([0.04747   , 0.07708   , 0.10052333, 0.1203925 , 0.13763   ,
       0.15315833, 0.16760714, 0.18042125, 0.19203111, 0.203005  ,
       0.21320455, 0.2226175 , 0.23123   , 0.23937786, 0.24708867,
       0.25440875, 0.26145471, 0.26786667, 0.27396737, 0.2798255 ]), 'test_mrre': array([[0.14542816, 0.05140547],
       [0.14550575, 0.05511691],
       [0.14563743, 0.05760654],
       [0.1457826 , 0.05951573],
       [0.14594417, 0.06109883],
       [0.14615565, 0.06249283],
       [0.14633075, 0.06372751],
       [0.14649934, 0.06485084],
       [0.146666  , 0.06587653],
       [0.14686342, 0.06683421],
       [0.14705359, 0.06773281],
       [0.14724905, 0.06857559],
       [0.14745658, 0.0693717 ],
       [0.14766768, 0.07013539],
       [0.14786385, 0.07086792],
       [0.14806762, 0.07156026],
       [0.14826302, 0.07223347],
       [0.14845881, 0.0728869 ],
       [0.14867026, 0.07351247],
       [0.14886504, 0.0741171 ]]), 'test_mean_trustworthiness': 0.8530451263498664, 'test_mean_continuity': 0.9137278395398367, 'test_mean_neighbourhood_loss': 0.8064817174632652, 'test_mean_rank_correlation': 0.1574977955042728, 'test_mean_knn_recall': 0.1935180115434531, 'test_mean_mrre': 0.1064986945619137}
INFO: Completed after 0:25:17
