INFO: Running command 'train'
INFO: Started run with ID "16"
INFO: Running evaluation on test dataset
INFO: Result: {'training.loss': 0.03219471042310553, 'training.loss.autoencoder': 0.03210282597158636, 'training.loss.geom_error': 0.000918844672040515, 'training.reconstruction_error': 0.03210282597158636, 'test_stress': 0.4075776693034956, 'test_rmse': 7.015165050214483, 'test_spearman_metric': 0.837663654792581, 'test_density_global': 0.23584601893990026, 'test_density_kl_global_100': 1.205624155725375e-07, 'test_density_kl_global_01': 0.045506312660455905, 'test_trustworthiness': array([0.94887262, 0.94972829, 0.95004739, 0.9504004 , 0.95061697,
       0.95082863, 0.95106274, 0.95127943, 0.95141907, 0.95159408,
       0.95178832, 0.95191917, 0.95205381, 0.95213735, 0.95226285,
       0.95234406, 0.9524077 , 0.95246544, 0.95254611, 0.95261013]), 'test_continuity': array([0.98216197, 0.98031642, 0.97917869, 0.97829173, 0.97762829,
       0.97707161, 0.97664538, 0.97625016, 0.9759275 , 0.97557624,
       0.97528181, 0.97501805, 0.97476858, 0.97451385, 0.97427406,
       0.97406781, 0.97385926, 0.97364731, 0.97344335, 0.97324598]), 'test_neighbourhood_loss': array([0.9239    , 0.87983   , 0.84487   , 0.815305  , 0.790224  ,
       0.76759667, 0.74749   , 0.72906625, 0.71216778, 0.696833  ,
       0.68270455, 0.66930917, 0.65640231, 0.64448   , 0.63314067,
       0.62253312, 0.61238941, 0.60301556, 0.59395789, 0.5852785 ]), 'test_rank_correlation': array([0.12200642, 0.14256981, 0.15393715, 0.16613315, 0.17549591,
       0.18380991, 0.19071739, 0.19821341, 0.20479137, 0.21166147,
       0.21857547, 0.22431137, 0.2300101 , 0.23519722, 0.24073703,
       0.24569125, 0.25077918, 0.2560126 , 0.26116971, 0.26592748]), 'test_knn_recall': array([0.0761    , 0.120185  , 0.15512667, 0.18469   , 0.209772  ,
       0.23240167, 0.25251143, 0.27093125, 0.28783   , 0.303167  ,
       0.31729545, 0.33069   , 0.34359923, 0.35552   , 0.36685867,
       0.37746625, 0.38761   , 0.39698167, 0.40604053, 0.4147185 ]), 'test_mrre': array([[0.05175919, 0.01635803],
       [0.05157377, 0.01753473],
       [0.05155921, 0.01829673],
       [0.0515599 , 0.01889439],
       [0.05159557, 0.01937839],
       [0.05163797, 0.01979654],
       [0.05167692, 0.02015576],
       [0.05171989, 0.02048469],
       [0.05177929, 0.02077985],
       [0.05183149, 0.02106503],
       [0.05187905, 0.02132658],
       [0.05193799, 0.02157182],
       [0.05199652, 0.02180491],
       [0.05206347, 0.02203082],
       [0.05212289, 0.02224655],
       [0.05218951, 0.02244985],
       [0.05225868, 0.02264767],
       [0.05232848, 0.02284065],
       [0.05239408, 0.02302739],
       [0.05246183, 0.02320893]]), 'test_mean_trustworthiness': 0.9514192282130832, 'test_mean_continuity': 0.9760584020972939, 'test_mean_neighbourhood_loss': 0.7105246933990845, 'test_mean_rank_correlation': 0.20888736959924828, 'test_mean_knn_recall': 0.28947476534342853, 'test_mean_mrre': 0.036355624838972214}
INFO: Completed after 0:46:10
