INFO: Running command 'train'
INFO: Started run with ID "3"
INFO: Running evaluation on test dataset
INFO: Result: {'training.loss': 0.04688412137994809, 'training.loss.autoencoder': 0.04682889633945057, 'training.loss.geom_error': 0.0005522507850400871, 'training.reconstruction_error': 0.04682889633945057, 'test_stress': 0.790891136470783, 'test_rmse': 5.143011102813152, 'test_spearman_metric': 0.5251260696836038, 'test_density_global': 0.4383515064800101, 'test_density_kl_global_100': 1.7617861204572287e-07, 'test_density_kl_global_01': 0.15551556182914159, 'test_trustworthiness': array([0.84108542, 0.8420921 , 0.84233055, 0.8425394 , 0.84255715,
       0.84250552, 0.84247791, 0.8424163 , 0.84248735, 0.8425609 ,
       0.84250498, 0.84249592, 0.84253784, 0.84254175, 0.84258438,
       0.84248075, 0.8423415 , 0.84234355, 0.84228071, 0.84221638]), 'test_continuity': array([0.94636256, 0.93994381, 0.93545266, 0.93182731, 0.92884632,
       0.92619656, 0.92373164, 0.92148622, 0.91944143, 0.91744913,
       0.91550875, 0.91372181, 0.91202843, 0.910385  , 0.90878271,
       0.90728132, 0.90580234, 0.9043189 , 0.9029162 , 0.901541  ]), 'test_neighbourhood_loss': array([0.95369   , 0.92585   , 0.90351667, 0.8841425 , 0.867556  ,
       0.85255667, 0.83892286, 0.82659   , 0.81511667, 0.804052  ,
       0.79391455, 0.78436667, 0.77516615, 0.76654429, 0.75856267,
       0.75090875, 0.74371765, 0.73689556, 0.73026947, 0.723719  ]), 'test_rank_correlation': array([0.09940624, 0.11444862, 0.124307  , 0.13399612, 0.1418189 ,
       0.14757551, 0.15247507, 0.15802291, 0.16268855, 0.16720423,
       0.17200159, 0.17665373, 0.1810942 , 0.18480848, 0.18877508,
       0.19249004, 0.19625587, 0.20026515, 0.20369002, 0.2068535 ]), 'test_knn_recall': array([0.04631   , 0.07414   , 0.09648333, 0.115855  , 0.132444  ,
       0.14744167, 0.16107714, 0.17341   , 0.18488222, 0.195948  ,
       0.20608455, 0.2156325 , 0.22483154, 0.23345357, 0.24143667,
       0.24909   , 0.25628176, 0.26310278, 0.26972895, 0.2762805 ]), 'test_mrre': array([[0.15946258, 0.0485477 ],
       [0.15923524, 0.05204145],
       [0.15921245, 0.05436591],
       [0.15923745, 0.05618527],
       [0.15931485, 0.05767838],
       [0.15941732, 0.05897777],
       [0.15951866, 0.06015164],
       [0.15962871, 0.06121428],
       [0.15971367, 0.06218367],
       [0.15979658, 0.06309918],
       [0.15990413, 0.06396858],
       [0.16000307, 0.06477816],
       [0.16009134, 0.06554366],
       [0.16018569, 0.0662769 ],
       [0.16027221, 0.06698151],
       [0.16038346, 0.06764949],
       [0.16050074, 0.06829673],
       [0.16059373, 0.06892935],
       [0.16069682, 0.06953466],
       [0.1607995 , 0.07012249]]), 'test_mean_trustworthiness': 0.8423690180555624, 'test_mean_continuity': 0.9186512058395205, 'test_mean_neighbourhood_loss': 0.8118029050894892, 'test_mean_rank_correlation': 0.16524154058665513, 'test_mean_knn_recall': 0.1881957088471384, 'test_mean_mrre': 0.11111237558173097}
INFO: Completed after 0:23:02
