INFO: Running command 'train'
INFO: Started run with ID "5"
INFO: Running evaluation on test dataset
INFO: Result: {'training.loss': 0.046463502191805416, 'training.reconstruction_error': 0.046463502191805416, 'test_stress': 0.6195668761570524, 'test_rmse': 4.762553442138765, 'test_spearman_metric': 0.5840634466542978, 'test_density_global': 0.41312451296681973, 'test_density_kl_global_100': 1.579281981359579e-07, 'test_density_kl_global_01': 0.13202750269161892, 'test_trustworthiness': array([0.84068514, 0.84075629, 0.84052916, 0.84045025, 0.84047598,
       0.84031271, 0.840154  , 0.84021073, 0.84001744, 0.83987175,
       0.83968282, 0.83949751, 0.83929707, 0.83903862, 0.8388247 ,
       0.83852807, 0.83817609, 0.83793746, 0.83763211, 0.8373921 ]), 'test_continuity': array([0.94216845, 0.93555776, 0.93087722, 0.92726607, 0.92429567,
       0.92162122, 0.91920614, 0.91696834, 0.91499121, 0.91315112,
       0.91128574, 0.90959776, 0.9079556 , 0.90642187, 0.90489948,
       0.90348472, 0.9020826 , 0.90067953, 0.89935327, 0.89809388]), 'test_neighbourhood_loss': array([0.95289   , 0.924835  , 0.90252   , 0.8824525 , 0.865076  ,
       0.84955833, 0.83541857, 0.82295   , 0.81140889, 0.800518  ,
       0.79056909, 0.78107917, 0.77244538, 0.76416786, 0.75642267,
       0.7490775 , 0.74226   , 0.73556833, 0.72925158, 0.723162  ]), 'test_rank_correlation': array([0.09188678, 0.10779964, 0.11806076, 0.12550177, 0.1304675 ,
       0.13670547, 0.14163362, 0.14745731, 0.15143648, 0.15544638,
       0.15992392, 0.16402703, 0.16892154, 0.17261216, 0.17646962,
       0.18002857, 0.18375728, 0.18749393, 0.1910196 , 0.19393916]), 'test_knn_recall': array([0.04711   , 0.07516   , 0.09747667, 0.117545  , 0.134918  ,
       0.15043833, 0.16458286, 0.17705125, 0.18858778, 0.199481  ,
       0.20942909, 0.21892   , 0.22755538, 0.23583071, 0.24357733,
       0.25092125, 0.25773824, 0.26443222, 0.27074684, 0.2768365 ]), 'test_mrre': array([[0.15945462, 0.05251858],
       [0.15962014, 0.05612494],
       [0.15984042, 0.05853384],
       [0.16001461, 0.06037283],
       [0.16015554, 0.06188254],
       [0.16033137, 0.06319942],
       [0.16050026, 0.06437155],
       [0.16061901, 0.06543919],
       [0.16078396, 0.06640063],
       [0.16093746, 0.06728933],
       [0.16109595, 0.06814509],
       [0.16125245, 0.06893591],
       [0.16140903, 0.06969041],
       [0.16157495, 0.07040144],
       [0.16173112, 0.07108912],
       [0.16190073, 0.07173886],
       [0.16207876, 0.07236917],
       [0.16223668, 0.07298425],
       [0.16240431, 0.07357243],
       [0.16255979, 0.07413629]]), 'test_mean_trustworthiness': 0.8394734998605733, 'test_mean_continuity': 0.9144978822277438, 'test_mean_neighbourhood_loss': 0.8095815435966094, 'test_mean_rank_correlation': 0.15422942571575746, 'test_mean_knn_recall': 0.19041692288428808, 'test_mean_mrre': 0.11374242400700378}
INFO: Completed after 0:27:52
