INFO: Running command 'train'
INFO: Started run with ID "10"
INFO: Running evaluation on test dataset
INFO: Result: {'training.loss': 0.03306845027753817, 'training.loss.autoencoder': 0.03293964449050171, 'training.loss.geom_error': 0.0012880576327526276, 'training.reconstruction_error': 0.03293964449050171, 'test_stress': 0.3583889603952865, 'test_rmse': 5.594553700115684, 'test_spearman_metric': 0.8354728923786394, 'test_density_global': 0.2524425648283753, 'test_density_kl_global_100': 8.610476820765197e-08, 'test_density_kl_global_01': 0.05187902368524519, 'test_trustworthiness': array([0.94819278, 0.94849224, 0.94879876, 0.94909165, 0.94936552,
       0.94956578, 0.94984003, 0.95007581, 0.95028211, 0.95048733,
       0.95065233, 0.95081616, 0.9509658 , 0.95107421, 0.95117414,
       0.95125652, 0.95133865, 0.9514138 , 0.95148181, 0.95155225]), 'test_continuity': array([0.9804673 , 0.97826504, 0.97701413, 0.97607512, 0.97533934,
       0.97476235, 0.97430498, 0.97388175, 0.97354681, 0.97323414,
       0.97293957, 0.9727058 , 0.97249107, 0.97230622, 0.97213197,
       0.97197199, 0.97181936, 0.97167929, 0.97154545, 0.971423  ]), 'test_neighbourhood_loss': array([0.92439   , 0.88129   , 0.84786   , 0.8196975 , 0.79571   ,
       0.77462667, 0.75555286, 0.73792875, 0.72231556, 0.707653  ,
       0.69423091, 0.68136167, 0.66936385, 0.65810071, 0.64759533,
       0.6377975 , 0.62845118, 0.619455  , 0.61085579, 0.602727  ]), 'test_rank_correlation': array([0.12203699, 0.14354998, 0.15267068, 0.16350403, 0.17308449,
       0.1804056 , 0.18735779, 0.19386337, 0.19981511, 0.20607606,
       0.21298299, 0.21813229, 0.22326996, 0.22792271, 0.2331719 ,
       0.23792707, 0.24283131, 0.24749201, 0.25236516, 0.25658658]), 'test_knn_recall': array([0.07561   , 0.118715  , 0.15214333, 0.1803    , 0.204288  ,
       0.22537333, 0.24444857, 0.2620725 , 0.27768222, 0.292346  ,
       0.30576818, 0.3186375 , 0.33063769, 0.34189929, 0.35240533,
       0.36220375, 0.37154882, 0.38054611, 0.38914368, 0.3972725 ]), 'test_mrre': array([[0.05267719, 0.0177788 ],
       [0.05263135, 0.01913513],
       [0.05264438, 0.01997635],
       [0.05266767, 0.02062014],
       [0.05269932, 0.02114623],
       [0.05274978, 0.02158946],
       [0.05278453, 0.02197215],
       [0.0528265 , 0.02232151],
       [0.05287398, 0.02263245],
       [0.05292153, 0.02292157],
       [0.05297588, 0.02319291],
       [0.05303045, 0.02344111],
       [0.05308678, 0.02367534],
       [0.05315007, 0.02389505],
       [0.05321461, 0.02410444],
       [0.05328156, 0.02430426],
       [0.05334848, 0.02449636],
       [0.0534161 , 0.02468065],
       [0.05348465, 0.02485844],
       [0.05355205, 0.02502979]]), 'test_mean_trustworthiness': 0.9502958854257946, 'test_mean_continuity': 0.9738952329117572, 'test_mean_neighbourhood_loss': 0.7208481632419886, 'test_mean_rank_correlation': 0.20375230247267123, 'test_mean_knn_recall': 0.2791520911171001, 'test_mean_mrre': 0.0377947247411584}
INFO: Completed after 0:22:44
