INFO: Running command 'train'
INFO: Started run with ID "1"
INFO: Running evaluation on test dataset
INFO: Result: {'training.loss': 0.04770384748865451, 'training.loss.autoencoder': 0.0476471376738378, 'training.loss.geom_error': 0.0005670979052021201, 'training.reconstruction_error': 0.0476471376738378, 'test_stress': 0.8112955726166104, 'test_rmse': 5.21260823103978, 'test_spearman_metric': 0.5142234502279954, 'test_density_global': 0.43365504738866867, 'test_density_kl_global_100': 1.6621242820944073e-07, 'test_density_kl_global_01': 0.1567726532241354, 'test_trustworthiness': array([0.82850104, 0.82806964, 0.82788363, 0.82772221, 0.82776338,
       0.82798941, 0.82805029, 0.82801287, 0.8281501 , 0.82820083,
       0.82824042, 0.82818825, 0.82815699, 0.82819802, 0.82816473,
       0.82812014, 0.82811277, 0.82805499, 0.82795625, 0.82785878]), 'test_continuity': array([0.94226218, 0.93578414, 0.93102312, 0.92725071, 0.92414474,
       0.92134205, 0.91886287, 0.91660773, 0.91453494, 0.91260786,
       0.9106928 , 0.90894638, 0.90730244, 0.90573256, 0.90420384,
       0.902749  , 0.90129724, 0.89987299, 0.89853195, 0.89724463]), 'test_neighbourhood_loss': array([0.95607   , 0.928935  , 0.90672667, 0.887935  , 0.870962  ,
       0.85574333, 0.84191571, 0.8292875 , 0.81748333, 0.806329  ,
       0.79588182, 0.78613333, 0.77704462, 0.76815071, 0.75993533,
       0.75216437, 0.74476765, 0.73772944, 0.73101   , 0.7245495 ]), 'test_rank_correlation': array([0.089331  , 0.10495043, 0.11593861, 0.12454866, 0.13120703,
       0.13690935, 0.14282836, 0.14799961, 0.15254574, 0.15694645,
       0.16127094, 0.16513819, 0.16926996, 0.17286191, 0.17652561,
       0.17999265, 0.18382486, 0.18743957, 0.19099667, 0.19413786]), 'test_knn_recall': array([0.04393   , 0.07106   , 0.09327   , 0.112065  , 0.129034  ,
       0.14425667, 0.15808571, 0.17071125, 0.18251667, 0.193671  ,
       0.20411818, 0.21386917, 0.22295385, 0.23184714, 0.24006333,
       0.24783375, 0.25523   , 0.26226889, 0.26898842, 0.2754495 ]), 'test_mrre': array([[0.17205295, 0.05229458],
       [0.17232886, 0.05586527],
       [0.1725291 , 0.05830218],
       [0.17272055, 0.06019104],
       [0.17286027, 0.06174331],
       [0.17294511, 0.06310299],
       [0.17305504, 0.06430192],
       [0.17318087, 0.06538498],
       [0.17326963, 0.06637581],
       [0.17337072, 0.06729182],
       [0.17347118, 0.06816717],
       [0.17358643, 0.0689784 ],
       [0.17369645, 0.06974225],
       [0.17379167, 0.07046827],
       [0.17389843, 0.07116463],
       [0.17400539, 0.07182824],
       [0.17410468, 0.0724736 ],
       [0.17421143, 0.07309855],
       [0.17432425, 0.07369507],
       [0.17443602, 0.07426914]]), 'test_mean_trustworthiness': 0.8280697370605757, 'test_mean_continuity': 0.9140497069100879, 'test_mean_neighbourhood_loss': 0.8139377164320584, 'test_mean_rank_correlation': 0.15423317264066613, 'test_mean_knn_recall': 0.18606112641948697, 'test_mean_mrre': 0.1199144557041747}
INFO: Completed after 0:22:47
