INFO: Running command 'train'
INFO: Started run with ID "6"
INFO: Running evaluation on test dataset
INFO: Result: {'training.loss': 0.03229049519369645, 'training.loss.autoencoder': 0.03219750120437571, 'training.loss.geom_error': 0.0009299402132975437, 'training.reconstruction_error': 0.03219750120437571, 'test_stress': 0.40250376249829845, 'test_rmse': 6.859363980807092, 'test_spearman_metric': 0.8398055252156615, 'test_density_global': 0.233895261917897, 'test_density_kl_global_100': 1.185515144964926e-07, 'test_density_kl_global_01': 0.045000926325154095, 'test_trustworthiness': array([0.94918643, 0.94959344, 0.95003034, 0.95034016, 0.95063089,
       0.95084712, 0.95105298, 0.9512666 , 0.95142964, 0.95155923,
       0.95175621, 0.95188758, 0.95198032, 0.95211422, 0.95222104,
       0.95233306, 0.95240662, 0.95249354, 0.95256815, 0.95263015]), 'test_continuity': array([0.98223592, 0.98037633, 0.97923609, 0.97834425, 0.97767337,
       0.977115  , 0.97668781, 0.97628758, 0.97596131, 0.97560513,
       0.97530762, 0.9750392 , 0.97478843, 0.97453386, 0.97428966,
       0.97408245, 0.97387499, 0.97365927, 0.97345235, 0.97325334]), 'test_neighbourhood_loss': array([0.92391   , 0.880335  , 0.84545   , 0.81608   , 0.790822  ,
       0.76833667, 0.74775429, 0.72931125, 0.71245111, 0.697213  ,
       0.68299364, 0.66963417, 0.65676   , 0.64453   , 0.63323667,
       0.62239188, 0.61247706, 0.603045  , 0.59410737, 0.5854475 ]), 'test_rank_correlation': array([0.12288138, 0.14387956, 0.15410341, 0.16671943, 0.17644772,
       0.18433677, 0.19137867, 0.19880935, 0.20538825, 0.2123982 ,
       0.21923928, 0.22508988, 0.23075883, 0.23588038, 0.24143855,
       0.24628711, 0.25131707, 0.25663269, 0.26174607, 0.26650899]), 'test_knn_recall': array([0.07608   , 0.11966   , 0.15454333, 0.18391   , 0.20917   ,
       0.231665  , 0.25224286, 0.2706875 , 0.28754889, 0.302782  ,
       0.31700636, 0.3303625 , 0.34323769, 0.35547   , 0.366764  ,
       0.3776075 , 0.38751941, 0.39695389, 0.40589   , 0.4145505 ]), 'test_mrre': array([[0.05157824, 0.01627347],
       [0.05152991, 0.01745792],
       [0.05149927, 0.01822233],
       [0.05151396, 0.0188224 ],
       [0.05153685, 0.01930918],
       [0.05157946, 0.01972885],
       [0.05162582, 0.02008903],
       [0.05167188, 0.02041969],
       [0.05172729, 0.02071625],
       [0.05178934, 0.02100303],
       [0.05183841, 0.02126582],
       [0.05189893, 0.02151248],
       [0.05196631, 0.02174632],
       [0.05202587, 0.02197266],
       [0.05208958, 0.02218961],
       [0.05215175, 0.02239356],
       [0.05221953, 0.0225915 ],
       [0.05228469, 0.02278545],
       [0.05235149, 0.02297307],
       [0.05241946, 0.02315517]]), 'test_mean_trustworthiness': 0.9514163865215368, 'test_mean_continuity': 0.976090197624932, 'test_mean_neighbourhood_loss': 0.7108143292716785, 'test_mean_rank_correlation': 0.20956207975046123, 'test_mean_knn_recall': 0.2891825717981365, 'test_mean_mrre': 0.03629814541751878}
INFO: Completed after 0:23:57
