INFO: Running command 'train'
INFO: Started run with ID "2"
INFO: Running evaluation on test dataset
INFO: Result: {'training.loss': 0.04558305085104491, 'training.reconstruction_error': 0.04558305085104491, 'test_stress': 0.4739154081925561, 'test_rmse': 4.599510519014872, 'test_spearman_metric': 0.593023091579507, 'test_density_global': 0.3993411807220274, 'test_density_kl_global_100': 1.522741648839459e-07, 'test_density_kl_global_01': 0.1230309000021716, 'test_trustworthiness': array([0.84972221, 0.84954396, 0.84991922, 0.84982841, 0.84998133,
       0.84997387, 0.84982392, 0.84965841, 0.8495328 , 0.84937649,
       0.84922998, 0.84915166, 0.84890411, 0.84864368, 0.84835267,
       0.84810839, 0.84786763, 0.84753971, 0.84726699, 0.84699024]), 'test_continuity': array([0.93874615, 0.93278352, 0.92856643, 0.92496533, 0.92216579,
       0.91953031, 0.91723143, 0.91503851, 0.91310371, 0.91121726,
       0.90936414, 0.90761571, 0.90596687, 0.90445431, 0.90290705,
       0.901454  , 0.90001281, 0.89861675, 0.89723302, 0.89592955]), 'test_neighbourhood_loss': array([0.95089   , 0.92154   , 0.89802333, 0.8777675 , 0.860456  ,
       0.84515   , 0.83142143, 0.81893625, 0.80733111, 0.796379  ,
       0.78609273, 0.7766825 , 0.76783923, 0.75949929, 0.751894  ,
       0.74451313, 0.73752059, 0.730835  , 0.72449947, 0.71827   ]), 'test_rank_correlation': array([0.09201307, 0.10824614, 0.11655878, 0.12547942, 0.13115659,
       0.13820725, 0.14298207, 0.14864081, 0.15311499, 0.15827174,
       0.16268695, 0.16703431, 0.17183763, 0.17532582, 0.1796089 ,
       0.18320995, 0.18694495, 0.19044482, 0.19411033, 0.19712749]), 'test_knn_recall': array([0.04911   , 0.07845   , 0.10197333, 0.1222325 , 0.13954   ,
       0.154845  , 0.16857571, 0.1810625 , 0.19266778, 0.203617  ,
       0.21390545, 0.22331583, 0.23216077, 0.24049929, 0.24810533,
       0.25548562, 0.26247882, 0.26916444, 0.27549842, 0.281729  ]), 'test_mrre': array([[0.15048715, 0.05616651],
       [0.1507378 , 0.05949821],
       [0.15078956, 0.06170822],
       [0.15094791, 0.06349107],
       [0.15104129, 0.06491795],
       [0.15116505, 0.06619059],
       [0.15131866, 0.06730752],
       [0.15147353, 0.06833957],
       [0.15161887, 0.06926917],
       [0.15176906, 0.07014658],
       [0.15191552, 0.07098282],
       [0.15204663, 0.07176971],
       [0.15220747, 0.07251238],
       [0.15236923, 0.07320771],
       [0.15253609, 0.07388851],
       [0.15269369, 0.07453499],
       [0.15284966, 0.07516334],
       [0.15301962, 0.07576926],
       [0.15317944, 0.07635971],
       [0.15333879, 0.07692449]]), 'test_mean_trustworthiness': 0.8489707832404406, 'test_mean_continuity': 0.9123451318106257, 'test_mean_neighbourhood_loss': 0.8052770276845825, 'test_mean_rank_correlation': 0.15615009951299655, 'test_mean_knn_recall': 0.19472084077902446, 'test_mean_mrre': 0.11064133267821366}
