INFO: Running command 'train'
INFO: Started run with ID "9"
INFO: Running evaluation on test dataset
INFO: Result: {'training.loss': 0.03199544084990131, 'training.loss.autoencoder': 0.03191321585327387, 'training.loss.geom_error': 0.0008222508381420215, 'training.reconstruction_error': 0.03191321585327387, 'test_stress': 0.34144712303241714, 'test_rmse': 4.122312310541794, 'test_spearman_metric': 0.771431212480165, 'test_density_global': 0.23713780814863783, 'test_density_kl_global_100': 9.46664383847242e-08, 'test_density_kl_global_01': 0.04669133694162938, 'test_trustworthiness': array([0.95002927, 0.95031084, 0.95073434, 0.95117508, 0.95144939,
       0.95170988, 0.95192854, 0.95220824, 0.9524878 , 0.95266301,
       0.95285831, 0.95305582, 0.95322692, 0.95335775, 0.95348183,
       0.95361934, 0.95376988, 0.95387893, 0.95399749, 0.95408553]), 'test_continuity': array([0.97211156, 0.96928556, 0.96769782, 0.96649539, 0.96549122,
       0.9646906 , 0.96395258, 0.96331557, 0.96272393, 0.96219365,
       0.96169105, 0.96128155, 0.96088265, 0.9605448 , 0.96022949,
       0.95989908, 0.95960634, 0.95931833, 0.95904739, 0.95879523]), 'test_neighbourhood_loss': array([0.92369   , 0.88201   , 0.84810333, 0.8201875 , 0.796184  ,
       0.77488667, 0.75589   , 0.7382    , 0.72241667, 0.708009  ,
       0.69456273, 0.68202417, 0.67004077, 0.65912357, 0.64859267,
       0.63864   , 0.62920824, 0.62042389, 0.61201263, 0.6039995 ]), 'test_rank_correlation': array([0.10916672, 0.12876873, 0.13709081, 0.14630355, 0.15604653,
       0.16403537, 0.17072224, 0.17734381, 0.18379408, 0.18965244,
       0.19592371, 0.20106867, 0.2062628 , 0.2107444 , 0.21543801,
       0.21998972, 0.22415954, 0.2284122 , 0.23305774, 0.23715361]), 'test_knn_recall': array([0.07629   , 0.11799   , 0.1519    , 0.17982   , 0.203816  ,
       0.22511333, 0.24411429, 0.2617975 , 0.27758   , 0.291987  ,
       0.30543636, 0.317975  , 0.32996077, 0.34087714, 0.35140533,
       0.36136125, 0.37078882, 0.37957556, 0.38798579, 0.3959995 ]), 'test_mrre': array([[0.05056024, 0.02557696],
       [0.05059396, 0.02725386],
       [0.0505911 , 0.02827811],
       [0.05058567, 0.02905441],
       [0.05061903, 0.02970038],
       [0.0506553 , 0.03024268],
       [0.05070069, 0.03072924],
       [0.050734  , 0.03116375],
       [0.05076584, 0.03156394],
       [0.05081669, 0.03193256],
       [0.05086363, 0.03227853],
       [0.05090953, 0.03259285],
       [0.05096012, 0.03289213],
       [0.05101714, 0.03316933],
       [0.05107524, 0.03343252],
       [0.05113042, 0.03368939],
       [0.05118282, 0.03393218],
       [0.05124157, 0.0341672 ],
       [0.05129846, 0.03439258],
       [0.05135995, 0.03460918]]), 'test_mean_trustworthiness': 0.9525014085258281, 'test_mean_continuity': 0.9629626886012741, 'test_mean_neighbourhood_loss': 0.7214102661846991, 'test_mean_rank_correlation': 0.1867567337796412, 'test_mean_knn_recall': 0.278588682333194, 'test_mean_mrre': 0.04120782900660454}
INFO: Completed after 0:22:46
