INFO: Running command 'train'
INFO: Started run with ID "19"
INFO: Running evaluation on test dataset
INFO: Result: {'training.loss': 0.0320006727008149, 'training.loss.autoencoder': 0.03192016134770321, 'training.loss.geom_error': 0.0008051139068161969, 'training.reconstruction_error': 0.03192016134770321, 'test_stress': 0.34413553082335363, 'test_rmse': 3.9707139368259514, 'test_spearman_metric': 0.774682496418495, 'test_density_global': 0.23531641507597995, 'test_density_kl_global_100': 9.189171413391054e-08, 'test_density_kl_global_01': 0.04611155122737456, 'test_trustworthiness': array([0.95018403, 0.95054079, 0.95099318, 0.95123026, 0.95169157,
       0.95198172, 0.9521963 , 0.95247042, 0.95269691, 0.95291162,
       0.95310271, 0.95329981, 0.95350569, 0.95368156, 0.95383386,
       0.95398251, 0.9540891 , 0.9541937 , 0.95432909, 0.95443936]), 'test_continuity': array([0.97276893, 0.97000615, 0.9684632 , 0.96730067, 0.96632934,
       0.96555415, 0.96483286, 0.96420403, 0.96363521, 0.96311743,
       0.96263271, 0.96223445, 0.96185347, 0.96152917, 0.96122564,
       0.96090513, 0.96062406, 0.96034956, 0.96008569, 0.95983972]), 'test_neighbourhood_loss': array([0.92601   , 0.88316   , 0.84905   , 0.8207375 , 0.796206  ,
       0.77466333, 0.75533857, 0.73829   , 0.72249889, 0.707609  ,
       0.69425545, 0.68141083, 0.66974   , 0.658555  , 0.64795533,
       0.63799188, 0.62858118, 0.61956556, 0.61117947, 0.6030885 ]), 'test_rank_correlation': array([0.10893186, 0.12858286, 0.13735169, 0.14679364, 0.15727675,
       0.16537667, 0.17211868, 0.17914523, 0.1854769 , 0.19123487,
       0.19775166, 0.20293539, 0.20824237, 0.21286282, 0.21758229,
       0.22230991, 0.22648625, 0.23086258, 0.23556123, 0.23966612]), 'test_knn_recall': array([0.07399   , 0.11683   , 0.15093667, 0.1792525 , 0.203786  ,
       0.22533   , 0.24465429, 0.26170625, 0.27749556, 0.292386  ,
       0.30574   , 0.31858667, 0.33025769, 0.34144   , 0.35204133,
       0.36200312, 0.37141588, 0.38043167, 0.38881789, 0.3969095 ]), 'test_mrre': array([[0.04989103, 0.02504506],
       [0.04998364, 0.02667663],
       [0.05001361, 0.02767381],
       [0.05008306, 0.02842934],
       [0.05009256, 0.02905882],
       [0.05013354, 0.02958776],
       [0.05018857, 0.03006438],
       [0.05022881, 0.03049151],
       [0.0502773 , 0.03088249],
       [0.05032624, 0.03124438],
       [0.05037859, 0.03158291],
       [0.05042889, 0.03189134],
       [0.05047615, 0.03218377],
       [0.05052787, 0.03245515],
       [0.05058304, 0.03271305],
       [0.05063803, 0.0329651 ],
       [0.05069961, 0.03320304],
       [0.05076098, 0.03343291],
       [0.05081626, 0.03365454],
       [0.05087528, 0.03386768]]), 'test_mean_trustworthiness': 0.9527677093353579, 'test_mean_continuity': 0.9638745786174464, 'test_mean_neighbourhood_loss': 0.7212943247786614, 'test_mean_rank_correlation': 0.1883274887852709, 'test_mean_knn_recall': 0.27870055095003254, 'test_mean_mrre': 0.04061266845005078}
INFO: Completed after 0:43:01
